(i[0], label2id[i[0]],round(1-(i[1]/sum_nums),3), label_dict[i[0]]))
实体类型，label_id, 1-实体数量占比，实体数量
[('26', 18, 1.0, 1),
 ('35', 27, 1.0, 3),
 ('53', 46, 1.0, 6),
 ('24', 16, 1.0, 11),
 ('51', 44, 1.0, 16),
 ('33', 25, 1.0, 19),
 ('42', 35, 1.0, 20),
 ('23', 15, 1.0, 31),
 ('25', 17, 1.0, 31),
 ('17', 8, 1.0, 42),
 ('44', 37, 1.0, 48),
 ('46', 38, 1.0, 51),
 ('32', 24, 1.0, 53),
 ('28', 19, 1.0, 74),
 ('43', 36, 1.0, 121),
 ('52', 45, 1.0, 196),
 ('48', 40, 1.0, 201),
 ('19', 10, 1.0, 206),
 ('34', 26, 1.0, 267),
 ('41', 34, 1.0, 607),
 ('50', 43, 1.0, 664),
 ('30', 22, 1.0, 736),
 ('15', 6, 0.999, 957),
 ('31', 23, 0.999, 1107),
 ('20', 12, 0.999, 1477),
 ('47', 39, 0.999, 1893),
 ('49', 41, 0.999, 2107),
 ('6', 48, 0.998, 2765),
 ('21', 13, 0.998, 2788),
 ('29', 20, 0.996, 6880),
 ('36', 28, 0.995, 8058),
 ('2', 11, 0.993, 11434),
 ('22', 14, 0.991, 14004),
 ('12', 3, 0.989, 17183),
 ('9', 51, 0.988, 19259),
 ('10', 1, 0.987, 19856),
 ('54', 47, 0.987, 20496),
 ('37', 29, 0.985, 23173),
 ('8', 50, 0.985, 23670),
 ('39', 31, 0.984, 25345),
 ('14', 5, 0.984, 25899),
 ('16', 7, 0.982, 28837),
 ('7', 49, 0.981, 30136),
 ('3', 21, 0.974, 41671),
 ('5', 42, 0.967, 51638),
 ('40', 33, 0.967, 52582),
 ('1', 0, 0.963, 58724),
 ('11', 2, 0.942, 92169),
 ('13', 4, 0.941, 94326),
 ('38', 30, 0.917, 131220),
 ('18', 9, 0.911, 141135),
 ('4', 32, 0.803, 312904),
 ('O', 52, 0.799, 319216)]